0,2935,632,2620,2265,2819
2935,0,630,2602,2246,2799
632,630,0,622,702,604
2620,2602,622,0,2177,2593
2265,2246,702,2177,0,2280
2819,2799,604,2593,2280,0
